,beat,end_beat,duration,se_distance
0,1604910410,1604910481,71,33.86094402191835
1,1604910498,1604910558,60,35.6591900800498
2,1604910576,1604910612,36,37.11802202672844
3,1604910630,1604910675,45,37.22646879776986
4,1604910694,1604910741,47,29.51749539712393
5,1604910757,1604910801,44,30.03177038188176
6,1604910828,1604910886,58,23.83779979626307
7,1604910896,1604910934,38,29.84887145524633
8,1604910950,1604911005,55,23.30367594680668
9,1604911086,1604911127,41,21.171921609408198
10,1604911140,1604911185,45,22.282639854462058
11,1604911205,1604911250,45,18.979951559682462
12,1604911264,1604911307,43,33.93645456911375
13,1604911447,1604911493,46,26.137354925892154
14,1604911899,1604912033,134,150.6737286791373
15,1604912936,1604912976,40,29.846655183256967
16,1604912993,1604913028,35,28.379178239012266
17,1604913044,1604913084,40,28.108043604787042
18,1604913097,1604913137,40,16.23538537519032
19,1604913174,1604913214,40,34.95836383102386
20,1604913240,1604913283,43,19.08026246150336
21,1604913295,1604913348,53,18.3646965241088
22,1604913365,1604913405,40,17.694779352463982
23,1604913419,1604913520,101,145.5384630571831
24,1604913663,1604913704,41,22.34464695383786
25,1604914543,1604914578,35,25.80569011660199
26,1604914704,1604914749,45,23.374100087152208
27,1604914767,1604914802,35,21.323213361796668
28,1604914817,1604914853,36,17.969010807506823
29,1604914869,1604914912,43,20.55720428277855
30,1604914974,1604914987,13,73.06305043968452
31,1604914992,1604915085,93,132.98064897661138
32,1604915203,1604915271,68,29.99845171014467
33,1604915451,1604915494,43,18.463084556517888
34,1604915717,1604915758,41,20.640055276374206
35,1604915937,1604915981,44,18.5945893974594
36,1604916020,1604916075,55,20.60109618948187
37,1604916138,1604916183,45,18.704425887808462
38,1604916478,1604916491,13,37.28251483271762
39,1604916495,1604916531,36,20.485057707249755
40,1604916548,1604916607,59,29.91013842768496
41,1604916755,1604916802,47,19.00199243346384
42,1604916965,1604917016,51,21.681032969099117
43,1604917164,1604917202,38,22.8728359958108
44,1604917275,1604917336,61,21.934755432289542
45,1604917784,1604917826,42,18.04613157382474
46,1604917842,1604917885,43,22.482808788425434
47,1606469736,1606469927,191,16.143020606331838
48,1606469941,1606470018,77,37.62128512302092
49,1606470087,1606470186,99,107.64644043407858
50,1606470352,1606470427,75,28.606782430912844
51,1606470428,1606470452,24,15.964053176503986
52,1606470463,1606470517,54,32.12261250317833
53,1606470525,1606470585,60,41.75089005441454
54,1606470618,1606470692,74,49.64653057589424
55,1606470714,1606470771,57,43.17045016078289
56,1606470830,1606470884,54,48.29080532832603
57,1606470931,1606470971,40,44.86579353689952
58,1606471003,1606471054,51,50.51447169036112
59,1606471256,1606471311,55,50.68716593522324
60,1606471344,1606471394,50,49.02479384247789
61,1606471414,1606471465,51,40.80903307798632
62,1606471486,1606471536,50,47.974331126499436
63,1606471557,1606471610,53,45.50052832039662
64,1606471637,1606471681,44,47.74953329737018
65,1606471700,1606471747,47,45.366999235539296
66,1606471775,1606471828,53,48.13928310996702
67,1606471850,1606471915,65,48.04038548430706
68,1606471962,1606472018,56,45.89390427123868
69,1606472074,1606472124,50,45.77412393252345
70,1606472145,1606472194,49,46.54467495344626
71,1606472219,1606472274,55,47.68824348054283
72,1606472321,1606472370,49,43.5790364206753
73,1606472389,1606472447,58,44.973861503202684
74,1606472467,1606472521,54,43.655162336790134
75,1606472543,1606472599,56,42.57247195271877
76,1606472620,1606472674,54,43.26903302158206
77,1606472692,1606472732,40,41.94646201721706
78,1606472780,1606472831,51,39.912524458846974
79,1606472859,1606472917,58,39.6464505661169
80,1606472938,1606472984,46,39.90639761264787
81,1606473026,1606473076,50,37.96566797837335
82,1606473106,1606473149,43,29.090265984381404
83,1606473374,1606473383,9,19.99682143060677
84,1606473492,1606473537,45,40.78130293317994
85,1606473557,1606473618,61,36.146912491585084
86,1606473904,1606473934,30,10.15960194396457
87,1606473982,1606473991,9,30.662400507849224
88,1606474329,1606474401,72,41.35776357478843
89,1606474436,1606474485,49,42.67296133669094
90,1606474506,1606474568,62,42.211022753518264
91,1606474598,1606474646,48,41.331594988760294
92,1606474665,1606474709,44,38.70392604887407
93,1606474723,1606474809,86,41.405601814667804
94,1606474837,1606474883,46,36.297605956129416
95,1606475591,1606475610,19,56.2745606248708
96,1606476053,1606476199,146,173.09946463432175
97,1606476270,1606476315,45,44.5349962849175
98,1606476329,1606476383,54,39.66816218117568
99,1606476395,1606476438,43,39.26812860130454
100,1606476453,1606476516,63,40.686708717991465
101,1606476648,1606476699,51,36.71198886082918
102,1606476830,1606476875,45,20.223806162284657
103,1606477109,1606477151,42,18.587060473866668
104,1606477324,1606477363,39,13.90325463962422
105,1606477528,1606477612,84,66.66234319482545
106,1606477658,1606477697,39,14.584078914950878
107,1606477866,1606477918,52,39.84378419000377
108,1606478360,1606478398,38,33.58651200532283
109,1606478414,1606478472,58,36.6247961960687
110,1606478498,1606478631,133,34.24208427114658
111,1606478645,1606478708,63,35.75917711942281
112,1606478720,1606478806,86,36.46425209316105
113,1606478817,1606478887,70,15.808231674534074
114,1606478953,1606479005,52,14.130796684441963
115,1606479011,1606479182,171,12.78267381825171
116,1606479253,1606479308,55,16.62651118937369
117,1606479459,1606479507,48,19.29057072318526
118,1606479570,1606479613,43,17.14242761219658
119,1606479664,1606479699,35,14.88469003740114
120,1606479791,1606479832,41,16.99366690662561
121,1606480278,1606480329,51,17.328339266567244
122,1606480794,1606480844,50,18.06614439373373
123,1606480867,1606480935,68,55.00205853000022
124,1606481084,1606481114,30,11.362487309576732
125,1606481148,1606481202,54,54.477894916503026
126,1606481230,1606481288,58,51.44729821264513
127,1606481308,1606481356,48,53.50141076799293
128,1606481411,1606481483,72,120.5015365326469
129,1606481774,1606481830,56,53.07256557119565
130,1606481867,1606481917,50,55.930997590284015
131,1606481973,1606482027,54,53.68463586979069
132,1606482054,1606482101,47,53.43866029690676
133,1606952690,1606952740,50,56.06331628523404
134,1606952769,1606952827,58,55.563497911864395
135,1606952853,1606952906,53,54.30890151327021
136,1606952937,1606952991,54,51.99241343690994
137,1606953008,1606953064,56,55.17216908879763
138,1606953092,1606953146,54,53.47206095221723
139,1606953167,1606953222,55,54.585358066909805
140,1606953469,1606953536,67,51.851294250163946
141,1606953555,1606953615,60,55.62865936527257
142,1606953851,1606953948,97,53.47931207513096
143,1606953984,1606954040,56,52.15259720754823
144,1606954062,1606954106,44,47.45843733452319
145,1606954829,1606954863,34,10.175719262396731
146,1606954880,1606954929,49,60.045713310122494
147,1606955063,1606955110,47,58.28989852288909
148,1606955129,1606955180,51,56.02160925224751
149,1606955197,1606955240,43,56.63081762241187
150,1606956455,1606956480,25,11.017642839148738
151,1606956486,1606956538,52,48.7524391444448
152,1606956565,1606956618,53,56.60518269925817
153,1606956636,1606956692,56,54.98515601125581
154,1606956716,1606956764,48,53.289342926026904
155,1606956784,1606956837,53,48.18348623861114
156,1606956852,1606956907,55,51.1067294074162
157,1606956938,1606957001,63,54.312076054094376
158,1606957025,1606957078,53,52.62136433690612
159,1606957322,1606957372,50,45.15205166155935
160,1606957397,1606957459,62,52.291648703622705
161,1606957497,1606957621,124,95.34063821335347
162,1606957766,1606957795,29,10.172255538680481
163,1606957816,1606957911,95,86.96943586854296
164,1606957951,1606958045,94,93.79897695538969
165,1606958086,1606958184,98,92.21571419676636
166,1606958224,1606958312,88,97.0712042084659
167,1606958545,1606958634,89,94.8196906977317
168,1606958686,1606958773,87,92.5763508931263
169,1606958813,1606958891,78,88.2267055641421
170,1606958930,1606959014,84,88.28710264192611
171,1606959053,1606959138,85,94.50399132262815
172,1606959181,1606959276,95,92.84058131505586
173,1606959361,1606959437,76,131.15173467963305
174,1606959472,1606959543,71,133.38733331550785
175,1606959562,1606959635,73,85.33817849645332
176,1606959672,1606959750,78,91.0867270325005
177,1606959954,1606960035,81,89.63590991971914
178,1606960073,1606960171,98,94.3534343427673
179,1606960215,1606960293,78,94.03114826566681
180,1606960334,1606960434,100,86.07061407100282
181,1606960466,1606960552,86,94.374286907663
182,1606960576,1606960584,8,27.04540836277077
183,1606960919,1606961034,115,88.82804819986512
184,1606961077,1606961168,91,90.00422506449887
185,1606961211,1606961294,83,99.03120730125316
186,1606961339,1606961431,92,93.12846513600027
187,1606961552,1606961642,90,89.14640658314605
188,1606961680,1606961759,79,89.93495700904836
189,1606961848,1606961936,88,90.7519214638548
190,1606961974,1606962059,85,91.68050346030776
191,1606962246,1606962369,123,134.0281410827859
192,1606962404,1606962524,120,126.70617317402454
193,1606962664,1606962760,96,93.58956400730825
194,1606962803,1606962877,74,88.42869277524072
195,1606962916,1606962996,80,88.39684055647535
196,1606963089,1606963180,91,138.1306336416465
197,1606963213,1606963293,80,143.48100410697288
198,1606963313,1606963393,80,85.03721930193502
199,1606963441,1606963543,102,91.42467383667318
200,1606963583,1606963652,69,85.75154696185297
201,1606963822,1606963899,77,87.26808507507712
202,1606963936,1606964015,79,89.2930860200991
203,1606964053,1606964136,83,91.40609037867353
204,1606964389,1606964467,78,86.31055588221597
205,1606964517,1606964595,78,87.41356084218523
206,1606964633,1606964710,77,93.05079028082251
207,1606964968,1606965058,90,92.07888032656732
208,1606965102,1606965175,73,87.37516142802964
209,1606965250,1606965334,84,87.73917776137596
210,1606965372,1606965450,78,86.79488650156925
211,1606965530,1606965620,90,92.87873293202884
212,1606965660,1606965729,69,92.08336084056768
213,1606965836,1606965915,79,86.31641875439693
214,1606966240,1606966328,88,88.16574291664944
215,1606966381,1606966475,94,84.98241071972306
216,1606966518,1606966606,88,92.32109633951005
217,1606966673,1606966770,97,138.04653933373675
218,1606967726,1606967814,88,81.78614020631414
219,1606967850,1606967932,82,88.35231177900361
220,1606967964,1606968043,79,88.89438709370971
221,1606968085,1606968151,66,84.97895191085463
222,1606968184,1606968259,75,83.95737945987742
223,1606968327,1606968408,81,83.73082147172393
224,1606968441,1606968522,81,84.87712803999491
225,1606968555,1606968621,66,86.58720673511012
226,1606968655,1606968735,80,87.41563508976039
227,1606968772,1606968849,77,87.86168657302343
228,1606968885,1606968970,85,85.3855149288368
229,1606969292,1606969363,71,88.6621627618714
230,1606969398,1606969500,102,85.568482991559
231,1606969591,1606969683,92,87.57397906214945
232,1606969717,1606969795,78,85.5005448513961
233,1606969987,1606970014,27,11.60142099600469
234,1606970017,1606970098,81,68.04425458581872
235,1606970148,1606970161,13,24.100512128519007
236,1606970175,1606970238,63,85.9435176707586
237,1606970271,1606970349,78,90.44282007542792
238,1606970379,1606970455,76,89.37090879900985
239,1606970488,1606970572,84,90.45977652017699
240,1606970689,1606970754,65,89.38527637288006
241,1606970782,1606970859,77,87.10080654992053
242,1607031780,1607031843,63,27.020117076115845
243,1607031864,1607031911,47,25.908507906827463
244,1607031925,1607031979,54,27.8292733777236
245,1607032367,1607032458,91,28.113921639692396
246,1607032469,1607032535,66,27.37320664496858
247,1607032550,1607032596,46,25.81697367993429
248,1607032650,1607032702,52,27.355267423979146
249,1607032739,1607032795,56,25.17135730164905
250,1607032815,1607032861,46,26.379580449915647
251,1607032961,1607033014,53,26.366620993533957
252,1607033109,1607033136,27,10.852768487044662
253,1607033297,1607033342,45,26.461714960373303
254,1607033359,1607033405,46,26.985411891839224
255,1607033938,1607033990,52,24.46007464694537
256,1607034006,1607034049,43,26.58269307814125
257,1607034141,1607034228,87,25.9432398263208
258,1607034446,1607034499,53,18.668236600200228
259,1607034516,1607034570,54,25.12754182501815
260,1607035070,1607035121,51,26.594379355484303
261,1607035399,1607035447,48,24.182840626193705
262,1607035459,1607035516,57,25.352476033240634
263,1607035696,1607035738,42,27.11095773899736
264,1607035855,1607035883,28,15.494029252335256
265,1607036026,1607036067,41,24.214211366947886
266,1607036098,1607036149,51,26.669028199116624
267,1607036676,1607036779,103,186.35507803168943
268,1607036825,1607036914,89,197.5220861158396
269,1607036965,1607037060,95,194.47417957680193
270,1607037111,1607037208,97,196.9597710583004
271,1607037256,1607037357,101,197.53990951718208
272,1607039079,1607039103,24,12.924504943792009
273,1607040145,1607040243,98,188.96406847625678
274,1607040299,1607040388,89,192.81475116660374
275,1607040442,1607040539,97,185.37751263861264
276,1607040591,1607040774,183,195.74218590399215
277,1607041007,1607041092,85,190.36727310036292
278,1607041204,1607041304,100,192.3763255264136
279,1607041360,1607041439,79,185.62530303789583
280,1607041488,1607041576,88,186.18218630624236
281,1607041696,1607041785,89,188.15855122411512
282,1607041986,1607042100,114,191.47052439682145
283,1607042148,1607042245,97,188.13022934514458
284,1607042293,1607042384,91,189.99536560136656
285,1607042451,1607042537,86,173.47466554354514
286,1607042581,1607042681,100,195.59078123467387
287,1607042732,1607042825,93,195.34844093317489
288,1607042879,1607042970,91,197.6551715416548
289,1607043027,1607043123,96,195.4379850111518
290,1607043180,1607043271,91,197.92749721961158
291,1607043319,1607043409,90,196.96425625789792
292,1607043462,1607043543,81,195.03079478171037
293,1607043596,1607043691,95,198.5905959262036
294,1607043743,1607043826,83,197.6724035240168
295,1607043878,1607043978,100,196.73215989601383
296,1607044028,1607044123,95,198.61407955597315
297,1607044169,1607044264,95,198.8800774293378
298,1607044349,1607044433,84,193.07410018438733
299,1607044557,1607044632,75,32.30686588302637
300,1607044648,1607044697,49,30.56015772307829
301,1607044708,1607044746,38,33.488597810302466
302,1607044760,1607044798,38,33.1250098890616
303,1607044823,1607044863,40,28.08302123610308
304,1607044876,1607044917,41,28.489177136605814
305,1607045049,1607045076,27,11.571146559651478
306,1607045405,1607045450,45,30.693235624705565
307,1607045462,1607045503,41,29.39630446583146
308,1607045515,1607045555,40,31.04922000292799
309,1607045567,1607045615,48,28.983525052947094
310,1607047225,1607047234,9,43.596292409187164
311,1607047259,1607047314,55,38.335855116226625
312,1607047327,1607047371,44,35.33134431823038
313,1607047382,1607047423,41,37.49032774296291
314,1607047436,1607047481,45,35.78726298449178
315,1607047492,1607047530,38,30.514731469670945
316,1607047542,1607047584,42,29.414852994037396
317,1607047594,1607047643,49,17.220801250531196
318,1607047648,1607047699,51,16.894736137877498
319,1607047981,1607048021,40,28.533762467046238
320,1607048032,1607048074,42,26.813484876474746
321,1607048105,1607048199,94,143.1501791412389
322,1607048275,1607048330,55,27.180359933788594
323,1607048552,1607048582,30,12.22455455181311
324,1607048603,1607048644,41,26.780416555999903
325,1607048656,1607048693,37,29.35156928742211
326,1607048709,1607048807,98,30.55894499534242
327,1607048835,1607048897,62,69.38915772853574
328,1607049796,1607049870,74,71.78937784566611
329,1607049902,1607049960,58,69.6803806767382
330,1607050009,1607050076,67,71.16058137621395
331,1607050108,1607050168,60,69.32528012009847
332,1607050198,1607050256,58,68.99946015076425
333,1607050297,1607050352,55,61.86812381262707
334,1607050474,1607050535,61,69.4308483397638
335,1607050569,1607050628,59,69.37150078081652
336,1607050660,1607050722,62,68.4010223753606
337,1607050841,1607050906,65,66.03300151343018
338,1607050985,1607051067,82,66.75757039807948
339,1607051342,1607051373,31,12.599269824827362
340,1607051416,1607051479,63,67.55339704826868
341,1607051560,1607051620,60,67.70355360532662
342,1607052271,1607052326,55,68.57050275497687
343,1607052356,1607052415,59,67.74935984015983
344,1607052446,1607052503,57,65.73685220018511
345,1607052531,1607052598,67,68.53627883910715
346,1607052630,1607052685,55,61.42192713195835
347,1607052719,1607052776,57,62.76974275942978
348,1607052934,1607052995,61,64.46485947247051
349,1607053182,1607053240,58,67.6118300973224
350,1607053273,1607053325,52,64.40685198619246
351,1607053374,1607053429,55,66.37237817280572
352,1607053548,1607053608,60,66.25222534500641
353,1607053639,1607053704,65,65.86227182010938
354,1607053775,1607053857,82,139.23648771590675
355,1607053894,1607053965,71,139.67842056196483
356,1607054001,1607054080,79,120.143031602275
357,1607054105,1607054179,74,121.60243912326547
358,1607054206,1607054290,84,134.5056257030726
359,1607054539,1607054590,51,66.96780482618563
360,1607054616,1607054683,67,67.93154608285968
361,1607054717,1607054765,48,65.88070706086509
362,1607054793,1607054850,57,67.2250032544853
363,1607054880,1607054927,47,64.56049842105796
364,1607055107,1607055230,123,64.55207411609732
365,1607055310,1607055361,51,66.40372515374654
366,1607055391,1607055447,56,61.579617350806735
367,1607055470,1607055533,63,66.16887877658374
368,1607055562,1607055610,48,62.67718508472601
369,1607055788,1607055948,160,51.4303036172263
370,1607056745,1607056807,62,63.903216516450314
371,1607056831,1607056888,57,64.60783828704
372,1607118599,1607118643,44,16.36966866221741
373,1607118668,1607118714,46,14.466667185977887
374,1607118724,1607118761,37,11.833234470618374
375,1607118818,1607118853,35,11.041538211127103
376,1607120106,1607120181,75,12.18233793069472
377,1607120277,1607120340,63,13.6560728184969
378,1607120351,1607120392,41,11.364702603361017
379,1607120652,1607120686,34,11.95540267953291
380,1607120805,1607120846,41,15.018015238368404
381,1607121817,1607121859,42,11.224370276017575
382,1607121869,1607121907,38,10.926399236545924
383,1607122025,1607122062,37,10.988396440270442
384,1607122340,1607122378,38,11.1784757555913
385,1607122387,1607122426,39,10.401023786348482
386,1607123917,1607123956,39,60.97526900373126
387,1607123974,1607124028,54,64.54045825514623
388,1607124116,1607124170,54,45.156347022075146
389,1607124193,1607124285,92,52.943476837968355
390,1607124569,1607124626,57,62.75481370858238
391,1607124645,1607124693,48,63.87088629096197
392,1607124842,1607124959,117,139.7167542166296
393,1607126179,1607126285,106,193.21132720373592
394,1607126798,1607126918,120,192.81207253799087
395,1607127254,1607127383,129,191.60005136281643
396,1607127522,1607127640,118,191.26711698815606
397,1607127971,1607128097,126,190.93942216311981
398,1607128433,1607128542,109,192.25953278409384
399,1607128609,1607128722,113,194.6773853895993
400,1607129271,1607129302,31,13.98437284634219
401,1607129307,1607129342,35,18.030446215068114
402,1607129366,1607129535,169,191.8131316875288
403,1607129540,1607129549,9,10.692196007695633
404,1607129596,1607129702,106,194.27590103251305
405,1607129765,1607129870,105,195.40855606547794
406,1607129927,1607130033,106,194.22359407826448
407,1607130091,1607130218,127,193.87798703732992
408,1607130788,1607130903,115,194.83411594842354
409,1607131149,1607131261,112,193.98784529737446
410,1607131322,1607131432,110,193.9677102774335
411,1607131491,1607131603,112,195.01348374347808
412,1607132478,1607132597,119,193.0664539304277
413,1607133040,1607133145,105,191.50160928894311
414,1607133201,1607133311,110,194.84776501692528
415,1607133370,1607133474,104,193.67824778696263
416,1607133522,1607133532,10,39.69330929434095
417,1607133622,1607133654,32,17.926852945064386
418,1607133849,1607133961,112,193.46917888151762
419,1607134569,1607134675,106,191.7124537035624
420,1607134707,1607134715,8,22.46409756660708
421,1607134977,1607135087,110,191.58177179211225
422,1607135146,1607135250,104,195.4457622747283
423,1607135368,1607135486,118,188.1311462913975
424,1607135548,1607135655,107,192.40663732029978
425,1607135711,1607135813,102,193.81691962452223
426,1607136226,1607136331,105,193.88413618082964
427,1607136388,1607136496,108,195.65943532748548
428,1607136532,1607136543,11,31.393004113527674
429,1607136556,1607136650,94,138.7012135748618
430,1607137095,1607137202,107,189.67957245882133
431,1607137402,1607137508,106,190.45804508499685
432,1607137823,1607137930,107,192.74714773145442
433,1607138431,1607138547,116,192.02442674413706
434,1607138676,1607138704,28,16.593686839169536
435,1607138749,1607138840,91,190.48660432280047
436,1607139109,1607139213,104,191.2230502530043
437,1607139267,1607139371,104,192.82833329210519
438,1607139520,1607139634,114,191.12666737161916
439,1607139702,1607139789,87,191.91114961332215
440,1607140025,1607140128,103,191.14818536679513
441,1607140478,1607140587,109,191.29726549758834
442,1607140643,1607140748,105,193.88299058263917
443,1607140784,1607140795,11,39.40059861779178
444,1607140804,1607140897,93,193.56359725299728
445,1607140949,1607141053,104,190.32566745437427
446,1607141196,1607141279,83,11.015178598254796
447,1607141685,1607141788,103,192.8294338686336
448,1607141844,1607141964,120,193.69043520352793
449,1607142045,1607142131,86,191.01015614695567
450,1607142280,1607142309,29,12.7614667044496
451,1607142314,1607142386,72,67.61663507378744
452,1607142467,1607142573,106,190.28133386781636
453,1607142706,1607142810,104,192.12342497758917
454,1607142859,1607142966,107,192.50260186089454
455,1607142999,1607143013,14,43.31743954419286
456,1607143339,1607143435,96,183.72072864679615
457,1607143578,1607143680,102,190.47782192149944
458,1607346276,1607346475,199,89.13367079142103
459,1607346529,1607346634,105,92.08422538052888
460,1607346777,1607346870,93,93.00921137294816
461,1607346923,1607347000,77,93.13256307141324
462,1607347429,1607347527,98,85.81472606345032
463,1607347592,1607347685,93,93.09730104993594
464,1607347740,1607347836,96,94.53179147541246
465,1607348146,1607348233,87,89.34456903732189
466,1607348520,1607348608,88,93.68823445825782
467,1607348656,1607348742,86,93.65191617239985
468,1607349111,1607349222,111,93.76940894101153
469,1607349273,1607349356,83,95.50500202938005
470,1607349694,1607349784,90,89.2187039950985
471,1607350259,1607350328,69,13.784515074889224
472,1607350330,1607350495,165,166.065133250497
473,1607350775,1607350863,88,89.7474765451597
474,1607350900,1607350908,8,27.07277367276458
475,1607350917,1607351013,96,92.43391187731272
476,1607351059,1607351129,70,91.4021849209293
477,1607351251,1607351340,89,90.95493014832414
478,1607351383,1607351472,89,92.4176035085067
479,1607351526,1607351643,117,85.94404724464307
480,1607351694,1607351774,80,90.32243920236758
481,1607351818,1607351904,86,91.07302054605903
482,1607351947,1607352046,99,90.8747828877456
483,1607352665,1607352749,84,132.05388179682902
484,1607352821,1607352909,88,84.83692259214989
485,1607353046,1607353134,88,87.40020393193156
486,1607353178,1607353261,83,90.05038801596847
487,1607353419,1607353609,190,190.80966557632036
488,1607353767,1607353868,101,190.23200627692736
489,1607354008,1607354124,116,190.83672443534982
490,1607354485,1607354612,127,189.464543300705
491,1607354693,1607354812,119,191.62149532317122
492,1607354880,1607354985,105,192.417697760167
493,1607355484,1607355590,106,190.53879438879216
494,1607355649,1607355765,116,194.1766877160352
495,1607355998,1607356121,123,192.69353807220932
496,1607356189,1607356291,102,191.6014280227116
497,1607356434,1607356556,122,193.1023315506566
498,1607356698,1607356813,115,191.02855721129407
499,1607357012,1607357132,120,192.13663953913974
500,1607357460,1607357618,158,192.8464516659225
501,1607357700,1607357804,104,191.86928307274624
502,1607357882,1607357992,110,192.990700084852
503,1607358449,1607358585,136,192.54957399508163
504,1607358740,1607358750,10,18.455087573186983
505,1607358757,1607358851,94,190.89892520295578
506,1607359077,1607359176,99,189.43428781139912
507,1607359257,1607359356,99,191.26883400008407
508,1607359424,1607359547,123,193.2056808402709
509,1607359877,1607359959,82,191.30597375998417
510,1607360017,1607360108,91,191.0966812827524
511,1607360382,1607360413,31,10.095545566024036
512,1607360542,1607360642,100,190.53160543614263
513,1607360746,1607360859,113,190.78039158426225
514,1607360954,1607361043,89,191.41006411498273
515,1607361172,1607361277,105,193.1038891672693
516,1607361479,1607361581,102,191.4831763104092
517,1607361737,1607361855,118,192.2017521040501
518,1607362085,1607362175,90,192.11589599395703
519,1607362412,1607362523,111,180.77216658842127
520,1607362634,1607362739,105,184.8305407439284
521,1607362789,1607362892,103,195.201326336228
522,1607362973,1607363101,128,192.29001321837708
523,1607363156,1607363247,91,187.6186144995774
524,1607363499,1607363612,113,286.9906970018793
525,1607363720,1607363837,117,286.6049459023489
526,1607363908,1607364017,109,290.32522759956674
527,1607364238,1607364348,110,287.93442536334607
528,1607364543,1607364686,143,292.1998426039169
529,1607364945,1607365075,130,292.3953407211135
530,1607365148,1607365263,115,294.04538929231614
531,1607365334,1607365449,115,295.4421706303625
532,1607365519,1607365649,130,294.7559686321863
533,1607365717,1607365829,112,297.21455496409175
534,1607365899,1607366012,113,295.2105065835829
535,1607366095,1607366214,119,294.0329420988538
536,1607366323,1607366334,11,35.7857852249596
537,1607366340,1607366445,105,293.9041636349128
538,1607366575,1607366605,30,15.205818909929976
539,1607366619,1607366727,108,290.5079347973659
540,1607366778,1607366788,10,34.051358127715304
541,1607366793,1607366907,114,290.6827330839439
542,1607366956,1607366966,10,34.25433029905656
543,1607366970,1607367073,103,295.68942854522857
544,1607367242,1607367343,101,288.8819509329097
545,1607367384,1607367394,10,58.633410592132115
546,1607367409,1607367518,109,292.4543001998311
547,1607367565,1607367576,11,46.638366293295675
548,1607367605,1607367703,98,292.8949193379296
549,1607367772,1607367886,114,296.2883961241983
550,1607368052,1607368147,95,166.24558355376294
551,1607368191,1607368311,120,165.40651361071622
552,1607368354,1607368442,88,166.2131914147454
553,1607368452,1607368461,9,52.49995224136543
554,1607368464,1607368478,14,47.35793863847891
555,1607368483,1607368566,83,161.3027852492288
556,1607368607,1607368773,166,165.45693180934708
557,1607368818,1607368909,91,166.46093785359758
558,1607368952,1607369036,84,161.32427183372084
559,1607369062,1607369070,8,31.411696907370917
560,1607369076,1607369163,87,158.6508038057458
561,1607369183,1607369196,13,45.67108600308711
562,1607369311,1607369402,91,162.75827428082982
563,1607369443,1607369548,105,149.58098825099924
564,1607369586,1607369666,80,144.36336881543323
565,1607369702,1607369790,88,146.72925119641275
566,1607369826,1607369909,83,163.00635169444388
567,1607369969,1607370056,87,161.03070442084447
568,1607370098,1607370172,74,165.5598410369023
569,1607370344,1607370425,81,159.01599109591535
570,1607370445,1607370460,15,49.2957186356904
571,1607370465,1607370553,88,163.09546663909808
572,1607370599,1607370688,89,160.85687033348495
573,1607370730,1607370810,80,136.85468558567044
574,1607370864,1607370947,83,164.20987181640376
575,1607371062,1607371186,124,320.1188733169537
576,1607371262,1607371373,111,321.63003027983723
577,1607371393,1607371402,9,36.16258540517187
578,1607371554,1607371665,111,323.9895882659942
579,1607371743,1607371855,112,319.16176042740676
580,1607371874,1607371883,9,53.39726313459973
581,1607371921,1607372026,105,320.44551882765023
582,1607372077,1607372086,9,29.870365343686938
583,1607372092,1607372198,106,318.12800462911974
584,1607372236,1607372250,14,69.88568574131219
585,1607372264,1607372365,101,300.4212541447485
586,1607372416,1607372426,10,14.578202023011746
587,1607372430,1607372535,105,321.58809418230595
588,1607372673,1607372759,86,142.5026756346522
589,1607372854,1607372968,114,291.99794887098454
590,1607373032,1607373138,106,330.3311666870361
591,1607373194,1607373207,13,43.77607662509646
592,1607373215,1607373328,113,297.32794429142655
593,1607374022,1607374089,67,201.42140657914322
594,1607374091,1607374119,28,28.635944357112788
595,1607374181,1607374290,109,316.1594381938794
596,1607374340,1607374352,12,36.325882536639405
597,1607374356,1607374417,61,18.74692460441375
598,1607374435,1607374500,65,20.008021747409995
599,1607374517,1607374567,50,18.00227947252397
600,1607432848,1607432906,58,29.455229467980722
601,1607432923,1607432967,44,30.869016015893916
602,1607432982,1607433033,51,30.236567498457966
603,1607433046,1607433099,53,31.10902837824105
604,1607433326,1607433383,57,31.095682327885118
605,1607433698,1607433758,60,34.87554969527956
606,1607433774,1607433811,37,33.78343424751204
607,1607433822,1607433872,50,33.754512277031345
608,1607433983,1607434031,48,32.23020103096323
609,1607434195,1607434381,186,283.80944876449206
610,1607434478,1607434530,52,33.5343675999422
611,1607434580,1607434632,52,34.28032968678021
612,1607434738,1607434766,28,10.732236967687813
613,1607434816,1607434873,57,74.02129015555381
614,1607434998,1607435040,42,33.70007378585589
615,1607435057,1607435120,63,37.64608160393408
616,1607435140,1607435193,53,30.30419291675374
617,1607435209,1607435257,48,30.444656541862393
618,1607435278,1607435319,41,27.497570616391698
619,1607435606,1607435649,43,32.63386801752259
620,1607435803,1607435910,107,62.94785707720596
621,1607435913,1607435971,58,66.90529661628561
622,1607436097,1607436166,69,53.31681996880513
623,1607436173,1607436238,65,70.54198400760657
624,1607436302,1607436385,83,65.42915869548152
625,1607436406,1607436415,9,30.26179808671697
626,1607436417,1607436435,18,15.7910246544338
627,1607436445,1607436486,41,19.06066683564609
628,1607436669,1607436714,45,30.219079598580414
629,1607436725,1607436774,49,32.04350962749823
630,1607436781,1607436876,95,45.27655898776028
631,1607436892,1607436942,50,46.42840432347525
632,1607436958,1607437018,60,42.98568610254131
633,1607437031,1607437081,50,45.78584541885993
634,1607437119,1607437180,61,44.85340992689188
635,1607437199,1607437258,59,45.97623739172542
636,1607437273,1607437324,51,46.1670521102915
637,1607437496,1607437525,29,12.2906233213971
638,1607437645,1607437685,40,14.483938165668164
639,1607437704,1607437749,45,47.48821672531114
640,1607437764,1607437816,52,47.30965389401981
641,1607438133,1607438186,53,47.5930236427896
642,1607438266,1607438320,54,45.89519639066431
643,1607439288,1607439344,56,47.00490242412958
644,1607439362,1607439418,56,47.63887375839164
645,1607439436,1607439480,44,45.760421421092346
646,1607439495,1607439548,53,42.99613820987737
647,1607439563,1607439609,46,44.46327639352658
648,1607439623,1607439678,55,45.459794070661204
649,1607439691,1607439733,42,45.141439370430305
650,1607439747,1607439791,44,42.8732224287639
651,1607439965,1607440066,101,102.51067343035295
652,1607440226,1607440301,75,97.33890882848479
653,1607440316,1607440326,10,32.144739334077165
654,1607440342,1607440427,85,100.69814033442867
655,1607440659,1607440745,86,98.35203891827648
656,1607440797,1607440892,95,98.80658927031027
657,1607440940,1607441016,76,97.23310658622044
658,1607441056,1607441152,96,100.32579330719096
659,1607441191,1607441277,86,101.83658780234553
660,1607441321,1607441419,98,100.98023281600963
661,1607441623,1607441741,118,95.53358836560665
662,1607441875,1607441967,92,98.8318788575979
663,1607442009,1607442096,87,98.41404382944917
664,1607442114,1607442124,10,37.45904236703898
665,1607442289,1607442387,98,97.44323428505736
666,1607442715,1607442791,76,94.76989489595925
667,1607442829,1607442910,81,98.72674976622716
668,1607443114,1607443202,88,93.47413838566547
669,1607443239,1607443377,138,289.25108375916363
670,1607443546,1607443575,29,20.905324054753034
671,1607443598,1607443683,85,94.98996575244821
672,1607443725,1607443801,76,89.8327764677291
673,1607443836,1607443917,81,99.59226799362563
674,1607443954,1607444040,86,93.3103322504145
675,1607444073,1607444161,88,98.13932515457529
676,1607444198,1607444273,75,98.38221869830868
677,1607444455,1607444491,36,11.520660980881267
678,1607445008,1607445115,107,78.3408900591055
679,1607445171,1607445261,90,95.03383779160708
680,1607445293,1607445371,78,95.79711883323853
681,1607445403,1607445482,79,96.7149352920365
682,1607445644,1607445716,72,87.34355340961841
683,1607445757,1607445837,80,96.14794994229862
684,1607445856,1607445868,12,37.427945946252294
685,1607445872,1607445954,82,88.54379861138122
686,1607445984,1607446069,85,96.30449435230236
687,1607446226,1607446256,30,15.19227073368263
688,1607446277,1607446343,66,94.58210062047135
689,1607446379,1607446453,74,94.14992377292943
690,1607446486,1607446561,75,95.65143564729044
691,1607446593,1607446677,84,95.69418316109608
692,1607446956,1607447034,78,66.93140097809867
693,1607447065,1607447133,68,95.3846382941905
694,1607447166,1607447242,76,95.60489359605185
695,1607447377,1607447458,81,89.06887529768726
696,1607447661,1607447757,96,93.7509987394123
697,1607447791,1607447860,69,98.70173191890272
698,1607448049,1607448147,98,95.7139317769229
699,1607448186,1607448266,80,96.19545679901024
700,1607448302,1607448409,107,129.63054937589845
701,1607448437,1607448447,10,32.86167646411535
702,1607448456,1607448559,103,130.92534698237375
703,1607448583,1607448596,13,33.87359464815474
704,1607448600,1607448691,91,131.51299272211676
705,1607448743,1607448831,88,131.75385504846636
706,1607448896,1607448987,91,130.02366882832732
707,1607448990,1607448998,8,10.208950289599118
708,1607449289,1607449380,91,131.92866189781077
709,1607449381,1607449390,9,13.61531632847919
710,1607449408,1607449417,9,34.3449658703903
711,1607449433,1607449532,99,132.30581481977967
712,1607449585,1607449666,81,133.41159139782002
713,1607449716,1607449804,88,131.2781471368958
714,1607449848,1607449945,97,131.91978462193768
715,1607449984,1607450079,95,132.4862760045354
716,1607450129,1607450217,88,128.18695840662335
717,1607450416,1607450522,106,129.14295401679976
718,1607450563,1607450654,91,133.47378200570208
719,1607450716,1607450835,119,131.76366534846963
720,1607450889,1607450978,89,133.02564925334738
721,1607450996,1607451008,12,45.97763957723568
722,1607451284,1607451381,97,130.4267457298698
723,1607451596,1607451689,93,130.83904901140428
724,1607451748,1607451844,96,130.5931193441784
725,1607451896,1607452002,106,131.24573219065806
726,1607452358,1607452443,85,129.0525849682213
727,1607452487,1607452575,88,128.71407031918545
728,1607452621,1607452712,91,129.30332105339747
729,1607452770,1607452857,87,131.27938834891629
730,1607452878,1607452888,10,29.66385005399508
731,1607452923,1607453016,93,129.59287789302908
732,1607453055,1607453156,101,120.53207968987155
733,1607453173,1607453183,10,32.178080750633114
734,1607453190,1607453287,97,128.84036133352987
735,1607453391,1607453399,8,47.520897178811644
736,1607453790,1607453938,148,163.21845375450994
737,1607453999,1607454082,83,132.23067962558304
738,1607454112,1607454120,8,27.990840661412268
739,1607454127,1607454292,165,129.1043845377795
740,1607454334,1607454421,87,126.88126204304467
741,1607454468,1607454570,102,128.76196745120637
742,1607454603,1607454614,11,32.93701548262642
743,1607454752,1607454823,71,127.18277128516719
744,1607454863,1607454949,86,128.33354765829387
745,1607454986,1607455068,82,126.98065939743869
746,1607455091,1607455104,13,46.98352518285679
747,1607455115,1607455205,90,127.61839495841905
748,1607455252,1607455329,77,128.02425451045474
749,1607455379,1607455462,83,129.60742025200855
750,1607455484,1607455586,102,77.74185258772567
751,1607455630,1607455719,89,129.44190015615985
752,1607455751,1607455761,10,27.878481961775364
753,1607455763,1607455835,72,130.1108242419601
754,1607455855,1607455863,8,28.497139217526783
755,1607455876,1607455975,99,130.60170520801714
756,1607456032,1607456042,10,17.1918314718119
757,1607456045,1607456131,86,131.6871991395804
758,1607456308,1607456407,99,130.9391990132169
759,1607456452,1607456525,73,128.8153386130189
760,1607456541,1607456555,14,47.09577706200572
761,1607456561,1607456641,80,130.835154267346
762,1607456680,1607456759,79,129.95229333902208
763,1607456809,1607456895,86,129.54793167211415
764,1607456971,1607457055,84,123.79357986075212
765,1607457082,1607457149,67,125.82169652131019
766,1607457166,1607457239,73,129.5171582566528
767,1607457277,1607457360,83,131.59265318346002
768,1607457415,1607457495,80,130.1524313525841
769,1607457631,1607457694,63,10.487419829577416
770,1607457714,1607457801,87,128.80243534215353
771,1607457824,1607457834,10,33.90972661750645
772,1607457842,1607457994,152,130.5831113105914
773,1607458037,1607458113,76,132.03632667114576
774,1607458154,1607458235,81,131.42690960313703
775,1607458276,1607458358,82,131.3182196448184
776,1607458670,1607458754,84,123.84731316342211
777,1607458877,1607458971,94,126.72144353044305
778,1607459007,1607459086,79,131.45882023516234
779,1607459113,1607459123,10,27.732137989875504
780,1607459155,1607459252,97,131.0597305065505
781,1607459275,1607459284,9,29.73403586042573
782,1607459292,1607459367,75,132.03889719743148
783,1607459447,1607459506,59,125.22390011997825
784,1607459518,1607459530,12,67.29675618830073
785,1607459532,1607459588,56,129.02346742810496
786,1607459605,1607459767,162,129.14056897963226
787,1607459814,1607459892,78,128.25069047049038
788,1607459909,1607459922,13,44.0144139285666
789,1607459932,1607460027,95,126.70413546253242
790,1607460098,1607460166,68,132.07757817090274
791,1607694022,1607694102,80,87.79663278574652
792,1607520003,1607520076,73,11.467177603104256
793,1607520105,1607520204,99,30.919697952710944
794,1607520260,1607520325,65,14.541274894503346
795,1607520336,1607520399,63,68.72146938029422
796,1607520404,1607520457,53,40.782059317650166
797,1607520463,1607520541,78,21.24219402893746
798,1607520544,1607520595,51,17.448484209152973
799,1607520814,1607520861,47,17.249830091859415
800,1607520868,1607520908,40,27.264833122935112
801,1607520966,1607521011,45,10.521432169890879
802,1607521070,1607521126,56,33.66988032094647
803,1607521134,1607521217,83,18.76536272812284
804,1607521951,1607522011,60,30.841050688663017
805,1607522021,1607522073,52,19.839057261909232
806,1607522080,1607522150,70,32.62421014403257
807,1607522162,1607522221,59,26.435847697269846
808,1607522231,1607522280,49,29.65763985327925
809,1607522291,1607522344,53,30.489485473874403
810,1607522356,1607522416,60,31.241910646480537
811,1607522436,1607522491,55,25.32191050152378
812,1607522562,1607522611,49,21.762583065453214
813,1607522620,1607522675,55,29.947471589378946
814,1607522686,1607522746,60,28.419968319543123
815,1607522758,1607522822,64,61.213260510770645
816,1607522843,1607522908,65,61.70850808637012
817,1607522926,1607523005,79,60.89565482207426
818,1607523029,1607523080,51,56.84301265268493
819,1607523097,1607523149,52,57.698716289717034
820,1607523231,1607523286,55,58.0505999996206
821,1607523332,1607523395,63,60.65578806963641
822,1607523413,1607523462,49,60.563861590555405
823,1607523869,1607523912,43,59.08179281836275
824,1607523936,1607523984,48,58.97157397690789
825,1607524004,1607524073,69,56.92605291017582
826,1607524268,1607524328,60,58.97822800027828
827,1607524348,1607524401,53,59.089175798674894
828,1607524483,1607524541,58,61.173972265492054
829,1607524840,1607524907,67,58.243754583559635
830,1607524934,1607524983,49,60.869985979905486
831,1607525083,1607525141,58,59.882051346878
832,1607525275,1607525330,55,57.303265938560386
833,1607525376,1607525466,90,69.35085678433971
834,1607525556,1607525619,63,58.616267692847934
835,1607525911,1607525957,46,58.44843539942371
836,1607526135,1607526193,58,59.483266731389236
837,1607526215,1607526260,45,60.85329498234664
838,1607526275,1607526337,62,62.63388075402178
839,1607526698,1607526761,63,58.67425402393027
840,1607526781,1607526852,71,58.685896019846204
841,1607526889,1607526934,45,60.161919353317494
842,1607526951,1607527004,53,61.40427228459962
843,1607527022,1607527123,101,136.58674327296026
844,1607527170,1607527230,60,61.79068314968359
845,1607527443,1607527537,94,14.71255099250472
846,1607527549,1607527578,29,10.197554677719129
847,1607528153,1607528180,27,10.075439954584109
848,1607528248,1607528402,154,161.54446760442826
849,1607528470,1607528535,65,61.221903731972084
850,1607528552,1607528595,43,60.04045820840364
851,1607528611,1607528653,42,59.32204020569534
852,1607528668,1607528730,62,45.293954347450295
853,1607528742,1607528789,47,41.42216161786345
854,1607528799,1607528853,54,53.45405842703838
855,1607528950,1607528997,47,57.94009211613004
856,1607529012,1607529111,99,102.58277438584275
857,1607529196,1607529241,45,14.20701764857924
858,1607529301,1607529351,50,16.844356790338104
859,1607529550,1607529636,86,98.46748832910228
860,1607529711,1607529794,83,99.98693881569824
861,1607529837,1607529907,70,95.93708984979612
862,1607529972,1607530058,86,97.50231211323054
863,1607530097,1607530177,80,100.36246128918893
864,1607530219,1607530351,132,98.4618637942457
865,1607530390,1607530472,82,97.98089163022158
866,1614230488,1614230588,100,45.04013863227228
867,1614230610,1614230796,186,136.63332053300167
868,1614230840,1614230857,17,10.97415182776388
869,1614230875,1614230971,96,135.82265326119423
870,1614231006,1614231106,100,133.4931312747829
871,1614231150,1614231246,96,113.37560081468799
872,1614231324,1614231418,94,135.8591024807974
873,1614231456,1614231544,88,134.0099947553353
874,1614231587,1614231676,89,137.72734125529885
875,1614231717,1614231806,89,138.10264517115502
876,1614231847,1614231979,132,109.0091996392134
877,1614232032,1614232114,82,136.72837566405988
878,1614232154,1614232242,88,135.72238226758034
879,1614232282,1614232374,92,136.41922940699263
880,1614232651,1614232739,88,136.8234802912631
881,1614232780,1614232860,80,137.51894240708597
882,1614232902,1614232991,89,132.64397916864806
883,1614233028,1614233120,92,135.59179007720664
884,1614233288,1614233380,92,129.27839043057446
885,1614233420,1614233493,73,137.87023818416904
886,1614233640,1614233725,85,132.01296656299496
887,1614233762,1614233848,86,138.14493798326907
888,1614233983,1614234092,109,135.95594365286598
889,1614234216,1614234316,100,131.79223180742753
890,1614234358,1614234461,103,135.20709031218797
891,1614234554,1614234644,90,140.42247823046466
892,1614234661,1614234755,94,126.3141543782034
893,1614234797,1614234886,89,131.38125699559407
894,1614234927,1614235001,74,135.48762765636525
895,1614235083,1614235163,80,128.77970708311724
896,1614235265,1614235366,101,144.01496199695836
897,1614235383,1614235482,99,133.77798779392663
898,1614235814,1614235906,92,126.77206012380685
899,1614235971,1614236078,107,140.68048763867378
900,1614236147,1614236234,87,140.68903529310927
901,1614236304,1614236399,95,139.69175354704439
902,1614236447,1614236540,93,142.19906009357058
903,1614236586,1614236687,101,139.73351765658703
904,1614236861,1614236965,104,141.88181029430356
905,1614237188,1614237292,104,142.0033160327244
906,1614237339,1614237433,94,142.43329153849106
907,1614237562,1614237659,97,141.19045551101698
908,1614237906,1614238004,98,143.0622175300795
909,1614238058,1614238167,109,142.62648268625932
910,1614238212,1614238290,78,142.6107513306527
911,1614238338,1614238434,96,142.60354454764052
912,1614238559,1614238649,90,140.91693747910435
913,1614238708,1614238806,98,141.89993877382457
914,1614238947,1614239059,112,143.38147673755464
915,1614239157,1614239255,98,143.94151649980753
916,1614239461,1614239552,91,136.9373987392244
917,1614239628,1614239738,110,140.19541689384528
918,1614239782,1614239877,95,141.7188263131261
919,1614239918,1614240007,89,143.52559941342219
920,1614240198,1614240271,73,143.2069714478261
921,1614240334,1614240430,96,141.60311452520324
922,1614240481,1614240582,101,142.31054698683792
923,1614240775,1614240859,84,141.08865252758224
924,1614240900,1614240990,90,143.28887635474183
925,1614241123,1614241211,88,137.33174921531997
926,1614241258,1614241356,98,138.81718354332497
927,1614241452,1614241516,64,125.630884801707
928,1614241644,1614241725,81,137.91864105316446
929,1614241770,1614241853,83,142.47824946192668
930,1614241895,1614241977,82,140.3933539932352
931,1614242025,1614242124,99,141.33479339497669
932,1614242415,1614242505,90,141.99790061234418
933,1614242590,1614242676,86,139.91835222389818
934,1614242723,1614242809,86,140.72506165250485
935,1614242855,1614242941,86,139.9786464360239
936,1614243059,1614243138,79,140.2141778351696
937,1614243189,1614243271,82,139.6735260595167
938,1614243632,1614243719,87,140.72577767327198
939,1614243773,1614243878,105,141.3960281801406
940,1614243975,1614244065,90,140.11735712914714
941,1614244116,1614244199,83,139.0522633426002
942,1614244359,1614244446,87,138.59228939810626
943,1614244550,1614244656,106,140.58381068880217
944,1614244733,1614244813,80,139.0118583158665
945,1614244981,1614245062,81,138.07095543817462
946,1614245108,1614245201,93,140.9462068857282
947,1614245253,1614245354,101,143.0871914781902
948,1614245517,1614245599,82,140.74208800227356
949,1614245645,1614245726,81,140.9754841421678
950,1614245955,1614246045,90,140.98799795075513
951,1614246098,1614246193,95,142.27425599121224
952,1614246504,1614246601,97,124.45396656833644
953,1614246618,1614246704,86,140.90881604825435
954,1614246838,1614246920,82,141.05090715452877
955,1614247067,1614247155,88,141.72370365338523
956,1614247201,1614247289,88,140.15190806737562
957,1614247452,1614247529,77,139.99724924629896
958,1614247572,1614247653,81,141.79135032792942
959,1614247845,1614247950,105,140.62053857527422
960,1614248111,1614248125,14,33.47162900035016
961,1614248136,1614248311,175,52.22194703053537
962,1614248428,1614248472,44,43.30398781115596
963,1614248475,1614248498,23,22.90195651991949
964,1614248597,1614248702,105,141.07327068626384
965,1614248756,1614248835,79,140.40566787461788
966,1614248895,1614248977,82,143.96631378773066
967,1614249028,1614249108,80,140.9545636565266
968,1614249150,1614249237,87,141.75275914758777
969,1614249275,1614249350,75,141.4483949507049
970,1614249395,1614249475,80,142.37650701507675
971,1614249514,1614249625,111,142.32222692609824
972,1614249733,1614249820,87,141.93964020783287
973,1614249882,1614249953,71,141.7793720098677
974,1614249997,1614250082,85,141.71570609605948
975,1614250142,1614250227,85,141.0928691298479
976,1614250782,1614250971,189,160.1821623006242
977,1614251040,1614251125,85,131.77950920575688
978,1614251310,1614251382,72,136.37953334483612
979,1614251427,1614251532,105,140.840528599675
980,1614251571,1614251697,126,140.94670741407032
981,1614251805,1614251890,85,139.3621594445526
982,1614251943,1614252087,144,141.83393207617203
983,1614252160,1614252247,87,140.61324053446364
984,1614252302,1614252386,84,141.3577473873934
985,1614252442,1614252558,116,139.37262531453106
986,1614252610,1614252684,74,138.84677933922816
987,1614252720,1614252799,79,138.50639586148728
988,1614253183,1614253285,102,138.60716016202903
989,1614253323,1614253402,79,139.69822945585568
990,1614253440,1614253513,73,139.97807517036696
991,1614253556,1614253658,102,139.18696463145167
992,1614253702,1614253782,80,143.54894638812314
993,1614253868,1614253992,124,12.508692798786766
994,1614254004,1614254028,24,13.043817594901022
995,1614254049,1614254148,99,131.45019652927468
996,1614254190,1614254266,76,137.68252963946506
997,1614254302,1614254391,89,142.4490806616569
998,1614254408,1614254417,9,36.46387945707579
999,1614254428,1614254514,86,135.31009174875993
1000,1614254549,1614254662,113,120.73363077106642
1001,1614254693,1614254841,148,165.97261180836153
1002,1614254891,1614255002,111,166.2832016157941
1003,1614255064,1614255159,95,168.61158068629933
1004,1614255228,1614255326,98,166.48886798392513
1005,1614255351,1614255362,11,46.452646511328716
1006,1614255370,1614255463,93,168.0543426479858
1007,1614255632,1614255731,99,168.10381537332606
1008,1614255791,1614255921,130,165.55567852540779
1009,1614256116,1614256205,89,164.87810162224235
1010,1614256263,1614256358,95,167.1255083010299
1011,1614256747,1614256840,93,167.34323904449155
1012,1614256890,1614256975,85,143.10353916048828
1013,1614257116,1614257215,99,165.2330966789492
1014,1614257273,1614257359,86,163.7238058175923
1015,1614257408,1614257502,94,166.55425806217335
1016,1614257544,1614257634,90,165.29400280840653
1017,1614257639,1614257651,12,17.720652061134615
1018,1614257771,1614257822,51,117.63135951329357
1019,1614257938,1614258000,62,120.50413340579884
1020,1614258017,1614258108,91,163.92238614173908
1021,1614258110,1614258121,11,14.317370851936067
1022,1614258172,1614258269,97,164.50806971371213
1023,1614258469,1614258564,95,162.85534499057206
1024,1614258616,1614258710,94,164.1440472007223
1025,1615203574,1615203706,132,194.54519187956188
1026,1615203773,1615203874,101,196.1916533873751
1027,1615204089,1615204215,126,197.84163034994904
1028,1615204566,1615204668,102,196.2124355615888
1029,1615204739,1615204841,102,196.95708929966014
1030,1615205207,1615205324,117,199.6578722250196
1031,1615205404,1615205527,123,197.54039655050587
1032,1615205655,1615205776,121,197.1881386456193
1033,1615205867,1615205984,117,196.89333450360343
1034,1615206710,1615206828,118,195.66604794590287
1035,1615206890,1615206990,100,196.5171474152013
1036,1615207068,1615207175,107,195.647240654005
1037,1615207236,1615207352,116,197.17810171900635
1038,1615207471,1615207608,137,196.7900669242729
1039,1615207721,1615207842,121,194.58813617655835
1040,1615208238,1615208360,122,195.03372271105565
1041,1615208445,1615208551,106,196.64833546829146
1042,1615208841,1615208959,118,194.72305357015054
1043,1615209197,1615209284,87,135.07532242389206
1044,1615209333,1615209439,106,134.37412905446286
1045,1615209462,1615209584,122,195.92000782230946
1046,1615209659,1615209774,115,195.73692656040765
1047,1615209878,1615209890,12,41.3386369617386
1048,1615209900,1615210012,112,197.93658273169981
1049,1615211998,1615212112,114,126.10374274817951
1050,1615212168,1615212201,33,10.015553341394796
1051,1615212215,1615212256,41,11.254215992946738
1052,1615212321,1615212330,9,29.44389099031738
1053,1615212749,1615212781,32,10.419078161763696
1054,1615214639,1615214681,42,10.160327825553361
1055,1615214850,1615214916,66,133.53624396390896
1056,1615214939,1615214972,33,11.10442455358286
1057,1615217030,1615217133,103,125.09729691834193
1058,1615531239,1615531345,106,126.81389730951157
1059,1615531414,1615531505,91,126.34923795800518
1060,1615531560,1615531652,92,125.25791960953424
1061,1615531710,1615531800,90,127.71223545129659
1062,1615531866,1615531955,89,129.34497868944166
1063,1615532071,1615532099,28,20.579964351916157
1064,1615532116,1615532213,97,129.33776643407688
1065,1615532259,1615532345,86,127.56767370312133
1066,1615532391,1615532495,104,129.2462650497931
1067,1615532542,1615532640,98,128.22150036995512
1068,1615532685,1615532783,98,128.5193047411076
1069,1615532828,1615532921,93,128.25807173104678
1070,1615532965,1615533060,95,127.22813345838722
1071,1615533109,1615533206,97,127.19683186316485
1072,1615533254,1615533345,91,128.4681331520714
1073,1615533390,1615533488,98,127.60071730569689
1074,1615533555,1615533635,80,128.41980552025774
1075,1615533855,1615533947,92,129.00919235863418
1076,1615533991,1615534088,97,128.26962969314135
1077,1615534131,1615534218,87,129.88644319449946
1078,1615534261,1615534338,77,126.87736499010721
1079,1615534378,1615534513,135,147.38326884192324
1080,1615534604,1615534668,64,33.030976527655234
1081,1615534699,1615534723,24,12.295394047769324
1082,1615534731,1615534794,63,64.92471226382203
1083,1615534812,1615534864,52,67.5634173303288
1084,1615534885,1615534936,51,66.67296424401268
1085,1615534985,1615535056,71,32.21267996161553
1086,1615535088,1615535162,74,33.243474139193545
1087,1615535186,1615535235,49,33.90775424484988
1088,1615535255,1615535300,45,37.34825905316392
1089,1615535320,1615535377,57,34.570380170730175
1090,1615535398,1615535452,54,34.13444522319215
1091,1615535473,1615535515,42,34.648979429400306
1092,1615535534,1615535577,43,37.518718796479256
1093,1615535596,1615535656,60,35.98242651916675
1094,1615535677,1615535721,44,37.08484741143417
1095,1615535740,1615535785,45,40.02847626700725
1096,1615535803,1615535850,47,38.293946971732325
1097,1615535867,1615535919,52,66.64298499071961
1098,1615535943,1615535989,46,65.50943029883352
1099,1615536005,1615536050,45,67.17711168916126
1100,1615536073,1615536119,46,66.62365837070648
1101,1615536145,1615536196,51,65.08758461105312
1102,1615536213,1615536253,40,64.56940776620542
1103,1615536267,1615536313,46,64.92725254312236
1104,1615536329,1615536373,44,65.99264757788433
1105,1615536388,1615536444,56,67.00027309266872
1106,1615536461,1615536510,49,62.283680906008485
1107,1615536636,1615536695,59,36.063619599340825
1108,1615536717,1615536767,50,38.564090665247214
1109,1615536787,1615536837,50,37.83027667741926
1110,1615536855,1615536900,45,37.98324963148292
1111,1615536918,1615536971,53,40.92357606412819
1112,1615536988,1615537033,45,39.11927465540524
1113,1615537048,1615537091,43,39.64141879630469
1114,1615537118,1615537160,42,64.63314638171597
1115,1615537175,1615537220,45,60.62175971276827
1116,1615537817,1615537874,57,66.81781055995658
1117,1615537892,1615537934,42,65.1253192883034
1118,1615537951,1615537999,48,65.04239404299058
1119,1615538015,1615538064,49,66.62913147288403
1120,1615538169,1615538227,58,43.42224431760939
1121,1615538271,1615538331,60,50.23064144929627
1122,1615538547,1615538611,64,48.561466149327956
1123,1615538639,1615538736,97,47.91353702659787
1124,1615539027,1615539084,57,50.393969884384795
1125,1615539258,1615539322,64,44.074463888181526
1126,1615539351,1615539422,71,49.06066952787548
1127,1615539453,1615539508,55,45.483782357986044
1128,1615539536,1615539584,48,39.86513719990055
1129,1615539892,1615539954,62,31.834117792739672
1130,1615540118,1615540243,125,10.164543211312708
1131,1615540335,1615540388,53,45.68334633523331
1132,1615540412,1615540463,51,50.08733385417669
1133,1615540491,1615540536,45,49.08834027950349
1134,1615540573,1615540621,48,46.870956812672226
1135,1615540645,1615540698,53,48.11965273247195
1136,1615540726,1615540779,53,44.21336914108054
1137,1615540804,1615540851,47,40.49336965798534
1138,1615540875,1615540922,47,40.50633140457229
1139,1615540950,1615540999,49,39.11734961807578
1140,1615541083,1615541156,73,133.3560866704118
1141,1615541209,1615541283,74,113.1113713687289
1142,1615541311,1615541379,68,49.75866683637421
1143,1615541410,1615541466,56,39.45798682646451
1144,1615541492,1615541550,58,41.2017885608628
1145,1615541574,1615541623,49,40.32038207581907
1146,1615542332,1615542388,56,47.68358295442042
1147,1615542415,1615542460,45,40.834861628231074
1148,1615542483,1615542531,48,46.66684567255466
1149,1615542555,1615542603,48,43.63032383475061
1150,1615542627,1615542676,49,50.82861866290442
1151,1615542707,1615542762,55,47.023556335322645
1152,1615542788,1615542836,48,40.38919511524465
1153,1615542859,1615542907,48,41.42640450831536
1154,1615543017,1615543066,49,41.56608648323374
1155,1615543534,1615543582,48,42.83363288790163
1156,1615543607,1615543662,55,42.20669161595672
1157,1615543684,1615543733,49,42.464370754379814
1158,1615543758,1615543808,50,40.20219839590733
1159,1615543855,1615543864,9,31.59282134672793
1160,1615543904,1615543990,86,114.66908144577384
1161,1615544016,1615544061,45,39.47489695254399
1162,1615544086,1615544136,50,41.16863340627912
1163,1615544309,1615544361,52,41.54179935562679
1164,1615544389,1615544441,52,39.60049045917865
1165,1615544738,1615544790,52,41.777299139021345
1166,1615544819,1615544868,49,43.064520751450814
1167,1615544963,1615545017,54,38.03139665094377
1168,1615545043,1615545096,53,35.990881410430674
1169,1615545349,1615545403,54,38.19832797067295
1170,1615545429,1615545490,61,38.9109154259168
1171,1615545544,1615545592,48,41.27316584307054
1172,1615545741,1615545815,74,118.4408258880705
1173,1615546275,1615546327,52,45.8242921768394
1174,1615546375,1615546430,55,42.70378600320687
1175,1615546470,1615546516,46,40.45958270672126
1176,1615546540,1615546588,48,36.45010709529717
1177,1615546613,1615546660,47,39.82336768760481
1178,1615546979,1615547143,164,41.71700848631775
1179,1615547170,1615547213,43,39.19618212699053
1180,1615547234,1615547284,50,44.515058595307565
1181,1615547329,1615547390,61,44.175944612467084
1182,1615547441,1615547484,43,36.88044081082146
1183,1615547507,1615547549,42,36.866292684644144
1184,1615547572,1615547615,43,37.58632668421158
1185,1615547835,1615547933,98,38.908860949880804
1186,1615547955,1615548002,47,38.798909099404845
1187,1615548028,1615548073,45,37.4868935971625
1188,1615548254,1615548306,52,35.31448393999478
1189,1615548339,1615548384,45,40.59587266945583
1190,1615548523,1615548664,141,136.55263059231882
1191,1615548694,1615548744,50,36.202022480749285
1192,1615548781,1615548830,49,37.74698827912703
1193,1615548889,1615548898,9,11.640126227523616
1194,1615549160,1615549231,71,21.537600066969226
1195,1615549280,1615549332,52,12.10398737613239
1196,1615549639,1615549651,12,23.753328376116393
1197,1615549836,1615549879,43,38.54852813532061
1198,1615549900,1615549944,44,41.40839460980946
1199,1615549965,1615550004,39,35.76625605475332
1200,1615550025,1615550066,41,38.569500342923234
1201,1615550088,1615550135,47,36.8244139302982
1202,1615550157,1615550205,48,40.83166259329198
1203,1615550230,1615550271,41,33.98103869290567
1204,1615550292,1615550334,42,32.43164899301602
1205,1615550355,1615550398,43,32.866155778573166
1206,1615550450,1615550501,51,36.75457573658048
1207,1615550582,1615550664,82,122.20355640839506
1208,1615550687,1615550783,96,32.39743146046077
1209,1615550813,1615550857,44,34.920947665996906
1210,1615551141,1615551203,62,41.5485460149665
1211,1615551234,1615551285,51,39.43015193850989
1212,1615551330,1615551401,71,34.74058436830805
1213,1615551435,1615551486,51,34.04563549539707
1214,1615551582,1615551694,112,134.88639953405067
1215,1615551739,1615551835,96,138.3158106962468
1216,1615551976,1615552022,46,35.90953758368924
1217,1615552046,1615552099,53,40.28873024527766
1218,1615552136,1615552207,71,40.011699391207046
1219,1615552235,1615552291,56,37.426003903645324
1220,1615552350,1615552397,47,35.9368891733729
1221,1615552476,1615552570,94,135.88673911217668
1222,1615552596,1615552646,50,35.78749284808279
1223,1615552670,1615552714,44,35.03328919261131
1224,1615552739,1615552783,44,33.81014662969359
1225,1615552847,1615552984,137,147.3662767315025
1226,1615553075,1615553127,52,31.325080933065
1227,1615553150,1615553202,52,33.38308577748364
1228,1615553338,1615553380,42,34.010072210584276
1229,1615553416,1615553467,51,34.40607157081529
1230,1615553598,1615553650,52,34.69413265788812
1231,1615553766,1615553859,93,141.26852120359575
1232,1615553883,1615553937,54,36.335713799650925
1233,1615553974,1615554022,48,33.284878041357494
1234,1615554096,1615554197,101,139.5357974375701
1235,1615554220,1615554267,47,33.362242650685815
1236,1615555435,1615555478,43,37.59931753248709
1237,1615555501,1615555547,46,37.9926928057165
1238,1615555565,1615555607,42,32.633445849911176
1239,1615555626,1615555665,39,35.30286603346864
1240,1615555684,1615555725,41,33.67374007895021
1241,1615555743,1615555789,46,34.06911105941972
1242,1615555810,1615555850,40,32.79336773151378
1243,1615555867,1615555906,39,32.41334167429495
1244,1615555923,1615555961,38,32.07106954416704
1245,1615555977,1615556019,42,32.143136417699665
1246,1615556042,1615556081,39,32.343294078392034
1247,1615556101,1615556142,41,31.490654071569715
1248,1615556207,1615556251,44,30.79786557286715
1249,1615556467,1615556513,46,30.186294380920508
1250,1615556808,1615556849,41,31.643449050635905
1251,1615556881,1615556924,43,32.53077011078449
1252,1615556945,1615556986,41,30.124767403494992
1253,1615557144,1615557193,49,29.070175995755204
1254,1615557215,1615557273,58,31.405818116816395
1255,1615557934,1615557985,51,31.300588887542794
1256,1615558013,1615558058,45,30.0853623546582
1257,1615558085,1615558140,55,35.88874451974042
1258,1615558180,1615558227,47,35.528538950566464
1259,1615558299,1615558368,69,30.92617963656277
1260,1615558397,1615558447,50,32.50928566220428
1261,1615558478,1615558530,52,31.2294402847819
1262,1615558562,1615558609,47,30.730739568773682
1263,1615558625,1615558667,42,30.43915424586252
1264,1615559406,1615559461,55,29.781263490838587
1265,1615559498,1615559551,53,32.03294830659419
1266,1615559576,1615559618,42,30.33626588917289
1267,1615559639,1615559684,45,30.66859515958019
1268,1615560161,1615560200,39,32.59983058935391
1269,1615560216,1615560260,44,34.437616786070166
1270,1615560283,1615560321,38,31.409297534525653
1271,1615560337,1615560378,41,32.38621546201784
1272,1615560396,1615560442,46,33.80291971872045
1273,1615560551,1615560597,46,32.10048093594782
1274,1615560632,1615560673,41,29.76728654255423
1275,1615560729,1615560769,40,29.647254029693453
1276,1615561417,1615561456,39,31.251244382221056
1277,1615561588,1615561633,45,28.129430775191803
1278,1615561656,1615561698,42,31.135528474356946
1279,1615561718,1615561762,44,28.73610922065213
1280,1615561790,1615561831,41,28.883770623519503
1281,1615561863,1615561909,46,30.780978070492377
1282,1615562458,1615562509,51,30.433803580624446
1283,1615562532,1615562575,43,31.99106680591472
1284,1615562768,1615562819,51,29.872046917818587
1285,1615563057,1615563187,130,129.49251704676607
1286,1615563248,1615563357,109,133.28060943738262
1287,1615563378,1615563429,51,31.239773737129383
1288,1615563451,1615563493,42,30.145472842060798
1289,1615563677,1615563720,43,30.710506600500267
1290,1615563747,1615563798,51,30.88706646049406
1291,1615565943,1615565993,50,27.65501372819538
1292,1615569747,1615569795,48,28.8509285560763
1293,1615570181,1615570229,48,30.80902468675183
1294,1615570387,1615570456,69,29.588098175808895
1295,1615570472,1615570525,53,29.181473898928342
1296,1615570859,1615570895,36,32.54146233980791
1297,1615570912,1615570960,48,29.906650383477295
1298,1615571055,1615571114,59,29.480206748684875
1299,1615571317,1615571368,51,30.695609638037432
1300,1615571397,1615571464,67,31.069991685088798
1301,1615571481,1615571525,44,27.0402352972191
1302,1615571587,1615571637,50,30.791363798419663
1303,1615571776,1615571828,52,30.577854228384815
1304,1615571912,1615571951,39,29.838719990144963
1305,1615572108,1615572155,47,31.693915216827715
1306,1615572211,1615572251,40,27.11827564249612
1307,1615572379,1615572425,46,29.292385480760082
1308,1615572676,1615572711,35,27.231200861351265
1309,1615572945,1615572988,43,28.510833535815255
1310,1615573021,1615573058,37,26.31149269445642
1311,1615573093,1615573137,44,26.489986320560416
1312,1615573237,1615573297,60,66.06607492560575
1313,1615573403,1615573461,58,16.072772083401482
1314,1615573534,1615573573,39,18.051998314869525
1315,1615573757,1615573793,36,20.443595499029968
1316,1615574048,1615574077,29,20.048680895253167
1317,1615574092,1615574126,34,18.76489383769281
1318,1615574548,1615574585,37,23.073976754699107
1319,1615574602,1615574633,31,21.43928916266121
1320,1615574650,1615574683,33,19.020563880652894
1321,1615574699,1615574731,32,18.151387888815325
1322,1615575140,1615575174,34,20.0811890923198
1323,1615575188,1615575222,34,24.123088329341112
1324,1615575239,1615575273,34,18.287848572988842
1325,1615575290,1615575330,40,17.08358257225636
1326,1615575477,1615575514,37,16.905893367945797
1327,1615575906,1615575944,38,22.684813901006443
1328,1615576203,1615576239,36,20.40220453673529
1329,1615576357,1615576441,84,121.27164299407134
1330,1615576506,1615576574,68,121.63410630497951
1331,1615576614,1615576680,66,121.22818373051238
1332,1615576720,1615576799,79,123.04836276332034
1333,1615576997,1615577077,80,122.33731409498422
1334,1615577194,1615577268,74,121.86278402219891
1335,1615577319,1615577383,64,122.75834915281365
1336,1615577423,1615577490,67,121.70248014344419
1337,1615577532,1615577601,69,122.32503012966892
1338,1615577720,1615577746,26,15.15812292364487
1339,1615577771,1615577849,78,122.12807583933657
1340,1615577895,1615577960,65,122.55224358045241
1341,1615578006,1615578080,74,122.27385026464596
1342,1615578151,1615578229,78,119.14235087724067
1343,1615578382,1615578476,94,144.30986407564484
1344,1615578531,1615578591,60,23.12499627452077
1345,1615578637,1615578730,93,26.154485425037343
1346,1615578740,1615578820,80,120.92223437847699
1347,1615578860,1615578920,60,121.38039426630098
1348,1615578964,1615579029,65,120.872069814334
1349,1615579070,1615579141,71,122.2326033271278
1350,1615579181,1615579260,79,120.05050600065178
1351,1615579304,1615579380,76,124.31079241844833
1352,1615579403,1615579420,17,13.90183543762781
1353,1615579461,1615579546,85,124.15657192237207
1354,1615579590,1615579665,75,124.99731382513323
1355,1615579737,1615579864,127,149.74904946277738
1356,1615579976,1615580046,70,120.27100740934152
1357,1615580086,1615580155,69,120.83335820609479
1358,1615580194,1615580263,69,123.1794608321076
1359,1615580355,1615580381,26,11.593356088766111
1360,1615580424,1615580494,70,119.91626886147819
1361,1615580536,1615580617,81,123.15052824065539
1362,1615580664,1615580751,87,119.12058387814605
1363,1615580799,1615580879,80,122.68681328525312
1364,1615580937,1615581008,71,120.50275058141261
1365,1615581102,1615581180,78,123.0665878471895
1366,1615581490,1615581575,85,120.47612729907482
1367,1615581615,1615581690,75,120.50671590017265
1368,1615581736,1615581808,72,120.05499745754112
1369,1615581863,1615581942,79,121.2988305924912
1370,1615581983,1615582056,73,123.67580387893045
1371,1615582121,1615582195,74,123.04812742531097
1372,1615582242,1615582324,82,123.43788086278832
1373,1615582458,1615582537,79,119.5400325195426
1374,1615582578,1615582645,67,121.74244441785311
1375,1615582690,1615582766,76,121.43733844537134
1376,1615582810,1615582890,80,148.36899984184458
1377,1615582941,1615583014,73,124.18528323144051
1378,1615583065,1615583145,80,122.07948973226785
1379,1615583311,1615583381,70,119.97912654502893
1380,1615583488,1615583569,81,120.98038018472613
1381,1615583614,1615583682,68,122.2223049990311
1382,1615583755,1615583849,94,122.0054944512571
1383,1615583951,1615584033,82,119.82524398572437
1384,1615584303,1615584388,85,120.55831277822341
1385,1615584466,1615584545,79,119.49318098475256
1386,1615584592,1615584669,77,121.2755988802914
1387,1615584715,1615584788,73,120.53248714157151
1388,1615584833,1615584910,77,122.59846447184252
1389,1615585056,1615585134,78,118.32687626066132
1390,1615585181,1615585263,82,120.17336080337608
1391,1615585318,1615585394,76,122.1654082166843
1392,1615585445,1615585522,77,119.23732029175557
1393,1615585570,1615585647,77,120.31126361557027
1394,1615585824,1615585912,88,120.25003077212764
1395,1615585959,1615586030,71,122.5167771708391
1396,1615586079,1615586175,96,119.61245711077089
1397,1615586225,1615586300,75,117.66962097331205
1398,1615586377,1615586458,81,119.31238443107142
1399,1615586533,1615586617,84,119.09053104896589
1400,1615586719,1615586797,78,117.53264863376772
1401,1615587000,1615587070,70,122.2339707316644
1402,1615587301,1615587374,73,115.25652920181398
1403,1615587419,1615587487,68,120.70457952957301
1404,1615587534,1615587604,70,119.72521317701991
1405,1615587646,1615587716,70,118.14557612463426
1406,1615587758,1615587832,74,118.93696654586057
1407,1615587896,1615587964,68,118.02490424492184
1408,1615588010,1615588088,78,120.79975248058282
1409,1615588165,1615588252,87,119.09823988973443
1410,1615588776,1615588872,96,115.92141819063993
1411,1615589028,1615589130,102,117.61369594373805
1412,1615589172,1615589245,73,119.6924828785656
1413,1615589289,1615589396,107,121.16270932970833
1414,1615589443,1615589519,76,122.44981424656491
1415,1615589670,1615589747,77,118.34242597742886
1416,1615589804,1615589879,75,122.94555026985078
1417,1615590105,1615590163,58,65.13511779177026
1418,1615590302,1615590382,80,118.41194969189935
1419,1615590427,1615590505,78,120.22963438756864
1420,1615590623,1615590697,74,119.15683026620279
1421,1615590747,1615590828,81,119.68834492041408
1422,1615591273,1615591343,70,117.74446648222886
1423,1615591386,1615591460,74,118.00804055024948
1424,1615591501,1615591570,69,120.83990285553782
1425,1615591646,1615591730,84,119.6564159933701
1426,1615591924,1615592022,98,117.92959536782388
1427,1615592070,1615592151,81,120.11655767137046
1428,1615592199,1615592274,75,120.82695745310932
1429,1615592337,1615592412,75,120.71422138828036
1430,1615592513,1615592612,99,119.38102991084179
1431,1615592664,1615592749,85,121.22482414626862
1432,1615592828,1615592914,86,121.15763357720532
1433,1615593070,1615593151,81,120.11770704825923
1434,1615593209,1615593292,83,121.1392795088468
1435,1615593369,1615593448,79,119.96217249656478
1436,1615593902,1615593973,71,120.48781764703088
1437,1615594013,1615594085,72,121.1801789926019
1438,1615594124,1615594196,72,119.8885870916142
1439,1615594240,1615594315,75,120.02158468412179
1440,1615594378,1615594456,78,124.2743706749643
1441,1615594497,1615594581,84,122.6980022131724
1442,1615594664,1615594738,74,65.59456320069913
1443,1615594794,1615594875,81,118.15803082349886
1444,1615594924,1615595002,78,121.63956950500773
1445,1615595051,1615595129,78,119.84422338792506
1446,1615595171,1615595258,87,122.36610782135831
1447,1615595340,1615595420,80,119.07612792471886
1448,1615595546,1615595634,88,16.1299739762283
1449,1615595654,1615595719,65,118.52851067059242
1450,1615595758,1615595838,80,123.53506081285471
1451,1615595875,1615595945,70,121.03784449749809
1452,1615595983,1615596058,75,122.64467848695575
1453,1615596119,1615596194,75,121.52757186237685
1454,1615596282,1615596358,76,120.48611273516416
1455,1615596437,1615596517,80,120.65378189319992
1456,1615596603,1615596696,93,117.75843025061621
1457,1615596867,1615596937,70,119.45855936810342
1458,1615596984,1615597061,77,123.33415101184342
1459,1615597151,1615597228,77,122.36747868418995
1460,1615597278,1615597364,86,119.49399689736474
1461,1615597965,1615598031,66,116.68156010992494
1462,1615598036,1615598100,64,118.98116904045008
1463,1615598135,1615598206,71,121.8515758330065
1464,1615598244,1615598314,70,122.9458620317028
1465,1615598350,1615598425,75,123.14027989616409
1466,1615598516,1615598575,59,62.05807090337422
1467,1615599108,1615599159,51,57.840450061576774
1468,1615599185,1615599236,51,56.79822142367134
1469,1615599270,1615599324,54,56.95639469499547
1470,1615599354,1615599398,44,55.07048771517465
1471,1615599423,1615599470,47,55.86889408180623
1472,1615599497,1615599555,58,55.27169213991479
1473,1615599582,1615599626,44,53.88761864036875
1474,1615599653,1615599702,49,52.801705204079646
1475,1615599737,1615599858,121,269.8617095729287
1476,1615599932,1615600046,114,269.1495298860298
1477,1615836225,1615836343,118,149.1139803637464
1478,1615836507,1615836625,118,134.91301465125304
1479,1615836703,1615836798,95,134.41293946110736
1480,1615836820,1615836922,102,148.54027471026166
1481,1615837602,1615837732,130,151.0936594503394
1482,1615837826,1615837952,126,151.2238908490283
1483,1615838355,1615838474,119,149.42985562790722
1484,1615838543,1615838635,92,150.74388891313936
1485,1615838796,1615838890,94,151.4769740069374
1486,1615839573,1615839708,135,128.1174301952614
1487,1615839709,1615839753,44,18.474603675660056
1488,1615839761,1615839829,68,48.87279160728764
1489,1615839842,1615839866,24,11.807057368917256
1490,1615839923,1615840115,192,165.43840866623063
1491,1615840681,1615840820,139,147.89288451062373
1492,1615841001,1615841098,97,146.86501111270397
1493,1615841160,1615841227,67,143.3211974487881
1494,1615841267,1615841376,109,148.21970407151713
1495,1615841451,1615841538,87,147.47354610357544
1496,1615841601,1615841706,105,148.96260429162703
1497,1615841826,1615841913,87,146.67600275050995
1498,1615841938,1615841985,47,29.761280760445405
1499,1615842188,1615842309,121,147.3647493821594
1500,1615842556,1615842596,40,10.57810576705257
1501,1615842600,1615842679,79,127.66213782652959
1502,1615842701,1615842803,102,146.28344332384074
1503,1615843500,1615843659,159,146.47837799325663
1504,1615843731,1615843798,67,144.72429924770944
1505,1615843838,1615843926,88,148.11975160192836
1506,1615844009,1615844163,154,146.455973514565
1507,1615844550,1615844669,119,146.2202971427384
1508,1615844838,1615844938,100,134.70516552428208
1509,1615844982,1615845076,94,129.82699429022165
1510,1615845100,1615845228,128,148.86663115541248
1511,1615845483,1615845606,123,151.25726847431918
1512,1615845919,1615846022,103,142.94459518854026
1513,1615846084,1615846135,51,10.466852156719863
1514,1615846261,1615846388,127,148.87838941114825
1515,1615846586,1615846698,112,147.17674189395007
1516,1615847051,1615847152,101,148.14708302438635
1517,1615847320,1615847452,132,143.96221047858373
1518,1615847681,1615847805,124,144.5738495329688
1519,1615848117,1615848255,138,146.55056403162
1520,1615848632,1615848744,112,144.85900174915065
1521,1615848983,1615849092,109,147.3072751552649
1522,1615849281,1615849379,98,146.08835279276687
1523,1615849520,1615849630,110,133.25408636393658
1524,1615849692,1615849800,108,144.11494777082828
1525,1615850312,1615850408,96,146.56788603266796
1526,1615850466,1615850648,182,145.6238093965525
1527,1615850703,1615850784,81,146.28709085537145
1528,1615850833,1615850912,79,147.11153763252278
1529,1615851227,1615851332,105,142.93800966285636
1530,1615851469,1615851567,98,134.9861634516076
1531,1615851595,1615851714,119,143.6413822183649
1532,1615851921,1615852034,113,143.94427395296754
1533,1615852335,1615852434,99,142.00948929092687
1534,1615852723,1615852816,93,145.3661894082731
1535,1615853450,1615853550,100,145.8196802265969
1536,1615853834,1615853936,102,146.58634346431205
1537,1615854279,1615854388,109,143.65866655357735
1538,1615854623,1615854731,108,142.97943399955906
1539,1615855030,1615855140,110,142.47427321317684
1540,1615855491,1615855577,86,142.0492316128353
1541,1615855709,1615855807,98,137.35685421027773
1542,1615855834,1615855938,104,142.72805112596023
1543,1615856062,1615856156,94,142.19275873372231
1544,1615856326,1615856416,90,141.99988190410957
1545,1615856460,1615856534,74,143.39213281483183
1546,1615856631,1615856706,75,145.0818598870234
1547,1615856754,1615856831,77,144.83786175268546
1548,1615857120,1615857215,95,143.53302615310568
1549,1615857302,1615857402,100,144.6217776278021
1550,1615857818,1615857925,107,143.20286329576663
1551,1615858018,1615858110,92,142.3023509627071
1552,1615858267,1615858351,84,141.81615440106685
1553,1615858400,1615858486,86,142.52372749979654
1554,1615858542,1615858648,106,143.9850875524561
1555,1615858706,1615858795,89,144.26231597772235
1556,1615859062,1615859157,95,143.4189038799385
1557,1615859206,1615859285,79,142.79821676104254
1558,1615859474,1615859568,94,143.53110051276983
1559,1615859643,1615859734,91,143.52671159894692
1560,1615859787,1615859884,97,143.5503877036846
1561,1615860012,1615860105,93,133.61290868086886
1562,1615860179,1615860277,98,140.62052283153437
1563,1615860664,1615860792,128,143.28846492503934
1564,1615861147,1615861271,124,143.2572138649899
1565,1615861544,1615861634,90,141.20962602663246
1566,1615861817,1615861894,77,140.89898076388778
1567,1615862162,1615862271,109,143.17118248944712
1568,1615862460,1615862579,119,144.00164043810108
1569,1615862744,1615862849,105,140.97479600698605
1570,1615863083,1615863188,105,143.20474288503354
1571,1615863388,1615863486,98,141.75533089650733
1572,1615863539,1615863624,85,143.55226510253283
1573,1615863839,1615863937,98,143.91873234077065
1574,1615864331,1615864417,86,139.89008465743868
1575,1615864570,1615864659,89,142.2445285719952
1576,1615864949,1615865054,105,143.35804401370788
1577,1615865558,1615865645,87,140.52966281468585
1578,1615865712,1615865804,92,141.9602035493726
1579,1615865918,1615866020,102,144.53246213265857
1580,1615866489,1615866586,97,142.77354764271223
1581,1615866703,1615866794,91,142.63662660739737
1582,1615867079,1615867177,98,140.59417626103692
1583,1615867463,1615867566,103,142.869958486527
1584,1615867910,1615868095,185,141.1444547450583
1585,1615868119,1615868144,25,15.202082538131254
1586,1615868184,1615868370,186,157.82826860790726
1587,1615868493,1615868579,86,143.69687793949413
1588,1615868648,1615868734,86,144.57182866233157
1589,1615868817,1615868891,74,30.04916397549043
1590,1615868898,1615869048,150,40.69149933544051
1591,1615869050,1615869240,190,46.394319338916965
1592,1615870888,1615870963,75,141.51083095385889
1593,1615871131,1615871206,75,143.36846829716637
